  0.0000000e+000 -8.3987450e-002
  1.0000000e-002 -1.9137429e-001
  2.0000000e-002  1.1522617e-001
  3.0000000e-002  1.4153655e-001
  4.0000000e-002 -1.0967129e-002
  5.0000000e-002 -1.1457565e-001
  6.0000000e-002 -2.8377330e-001
  7.0000000e-002 -1.3699714e-002
  8.0000000e-002 -2.9718106e-001
  9.0000000e-002 -3.6764628e-001
  1.0000000e-001 -2.4083700e-001
  1.1000000e-001  2.3102462e-001
  1.2000000e-001  2.3094935e-001
  1.3000000e-001 -9.5118969e-002
  1.4000000e-001 -3.6782968e-001
  1.5000000e-001  3.9628088e-001
  1.6000000e-001  1.4523477e-001
  1.7000000e-001 -1.2795389e-002
  1.8000000e-001 -1.7176763e-001
  1.9000000e-001 -1.2781482e-001
  2.0000000e-001 -2.2815234e-002
  2.1000000e-001 -2.7929606e-001
  2.2000000e-001 -2.4220949e-001
  2.3000000e-001 -3.2365667e-001
  2.4000000e-001 -1.8169241e-001
  2.5000000e-001 -4.4405768e-001
  2.6000000e-001 -7.3865921e-002
  2.7000000e-001 -2.6501446e-001
  2.8000000e-001 -1.3466288e-001
  2.9000000e-001 -4.4676222e-002
  3.0000000e-001 -6.3304756e-002
  3.1000000e-001 -1.1137115e-001
  3.2000000e-001 -8.9339281e-004
  3.3000000e-001  1.1352787e-001
  3.4000000e-001 -2.2397684e-001
  3.5000000e-001 -1.2323654e-001
  3.6000000e-001 -4.6664396e-001
  3.7000000e-001 -1.2239560e-001
  3.8000000e-001 -2.4750011e-002
  3.9000000e-001 -2.4640937e-001
  4.0000000e-001 -2.6662975e-002
  4.1000000e-001 -1.7831064e-001
  4.2000000e-001 -1.7824823e-001
  4.3000000e-001 -5.7887394e-001
  4.4000000e-001 -1.2725443e-001
  4.5000000e-001 -5.6791466e-001
  4.6000000e-001 -1.2089123e-001
  4.7000000e-001 -7.4494193e-002
  4.8000000e-001 -1.8672574e-001
  4.9000000e-001 -1.2204820e-001
  5.0000000e-001 -2.8260442e-001
  5.1000000e-001 -4.9566953e-001
  5.2000000e-001  1.7264039e-001
  5.3000000e-001 -1.9571955e-001
  5.4000000e-001 -2.0829974e-001
  5.5000000e-001 -1.5264475e-001
  5.6000000e-001  1.0865550e-001
  5.7000000e-001 -2.6246572e-001
  5.8000000e-001 -2.0875135e-001
  5.9000000e-001  8.4690263e-002
  6.0000000e-001 -2.6695787e-001
  6.1000000e-001 -2.9908403e-001
  6.2000000e-001 -4.1584419e-001
  6.3000000e-001 -4.3775322e-001
  6.4000000e-001 -5.6224857e-001
  6.5000000e-001 -3.6516500e-001
  6.6000000e-001  1.4496597e-001
  6.7000000e-001 -3.4280316e-001
  6.8000000e-001  1.9449703e-002
  6.9000000e-001 -5.2157103e-001
  7.0000000e-001 -1.6949520e-001
  7.1000000e-001 -3.5032050e-001
  7.2000000e-001  2.6495125e-002
  7.3000000e-001 -3.4616586e-001
  7.4000000e-001 -1.6848402e-001
  7.5000000e-001 -2.0374206e-001
  7.6000000e-001 -2.1654343e-001
  7.7000000e-001  1.5123145e-001
  7.8000000e-001 -2.1037539e-001
  7.9000000e-001  6.9114700e-002
  8.0000000e-001  8.2415986e-002
  8.1000000e-001 -2.7179458e-001
  8.2000000e-001 -3.7518873e-001
  8.3000000e-001 -2.3602125e-001
  8.4000000e-001  7.5320202e-002
  8.5000000e-001 -3.4271628e-001
  8.6000000e-001 -5.9797522e-002
  8.7000000e-001  1.0101361e-001
  8.8000000e-001 -9.4379317e-002
  8.9000000e-001 -2.4050854e-001
  9.0000000e-001  1.0297122e-002
  9.1000000e-001 -1.2508246e-001
  9.2000000e-001 -3.2203978e-001
  9.3000000e-001  5.5503707e-002
  9.4000000e-001 -3.6007741e-001
  9.5000000e-001 -8.4094041e-002
  9.6000000e-001 -1.8915246e-001
  9.7000000e-001  1.9167650e-001
  9.8000000e-001 -4.1990757e-001
  9.9000000e-001 -8.6167733e-002
  1.0000000e+000 -2.4573376e-001
  1.0100000e+000 -2.6424394e-001
  1.0200000e+000 -1.3095999e-001
  1.0300000e+000 -3.2894376e-001
  1.0400000e+000  1.0241930e-001
  1.0500000e+000  1.3547138e-001
  1.0600000e+000 -1.5787071e-001
  1.0700000e+000 -1.5948109e-001
  1.0800000e+000  6.5949367e-002
  1.0900000e+000 -2.6192133e-001
  1.1000000e+000 -3.5949374e-002
  1.1100000e+000  3.6926248e-002
  1.1200000e+000 -1.4974985e-002
  1.1300000e+000 -2.0708648e-001
  1.1400000e+000 -3.5855303e-001
  1.1500000e+000 -2.2928737e-001
  1.1600000e+000  8.0749447e-002
  1.1700000e+000 -1.1155858e-001
  1.1800000e+000  1.0649040e-001
  1.1900000e+000 -1.0334751e-001
  1.2000000e+000 -5.1322925e-002
  1.2100000e+000 -1.1509138e-001
  1.2200000e+000 -1.6605059e-001
  1.2300000e+000 -1.1633485e-002
  1.2400000e+000 -6.0400695e-002
  1.2500000e+000  1.8637450e-001
  1.2600000e+000 -1.5734403e-001
  1.2700000e+000  2.4191053e-001
  1.2800000e+000 -3.1528046e-001
  1.2900000e+000  4.7191701e-002
  1.3000000e+000 -8.4357213e-002
  1.3100000e+000  6.8166397e-002
  1.3200000e+000 -4.2741858e-002
  1.3300000e+000  1.3731173e-001
  1.3400000e+000  3.1107903e-001
  1.3500000e+000 -1.8469089e-001
  1.3600000e+000 -5.2460303e-002
  1.3700000e+000  1.7280578e-002
  1.3800000e+000  1.1500113e-001
  1.3900000e+000  4.9002561e-001
  1.4000000e+000 -1.2576418e-001
  1.4100000e+000  3.4670695e-003
  1.4200000e+000  3.4955435e-001
  1.4300000e+000  5.3198443e-002
  1.4400000e+000  1.6908544e-001
  1.4500000e+000 -1.0008321e-001
  1.4600000e+000  1.7335400e-001
  1.4700000e+000 -3.4344953e-002
  1.4800000e+000 -1.0229108e-001
  1.4900000e+000  3.1141572e-001
  1.5000000e+000 -1.8158457e-002
  1.5100000e+000  2.1521936e-001
  1.5200000e+000  2.2252067e-001
  1.5300000e+000 -7.7666407e-002
  1.5400000e+000  1.7004789e-001
  1.5500000e+000 -9.9261600e-002
  1.5600000e+000  2.9245865e-002
  1.5700000e+000 -5.3065349e-002
  1.5800000e+000 -7.4078675e-002
  1.5900000e+000  1.6649248e-001
  1.6000000e+000  1.5180212e-001
  1.6100000e+000  1.9444059e-001
  1.6200000e+000  8.4821632e-002
  1.6300000e+000  2.6790745e-001
  1.6400000e+000  4.7191500e-001
  1.6500000e+000 -1.1025034e-001
  1.6600000e+000 -2.4357002e-002
  1.6700000e+000  1.2026051e-001
  1.6800000e+000  1.0887127e-001
  1.6900000e+000  2.5702052e-001
  1.7000000e+000 -1.1999714e-001
  1.7100000e+000  1.4280201e-001
  1.7200000e+000  1.6608751e-001
  1.7300000e+000  1.4313931e-001
  1.7400000e+000  2.7145124e-001
  1.7500000e+000  2.1595407e-001
  1.7600000e+000  9.3992274e-002
  1.7700000e+000  4.2374399e-001
  1.7800000e+000  8.7029145e-002
  1.7900000e+000  2.3031681e-001
  1.8000000e+000  3.2108528e-001
  1.8100000e+000  1.9891686e-001
  1.8200000e+000  2.6195175e-003
  1.8300000e+000  1.4899733e-001
  1.8400000e+000  6.2658550e-001
  1.8500000e+000  2.5579125e-001
  1.8600000e+000  3.5582268e-001
  1.8700000e+000  1.1540293e-001
  1.8800000e+000  5.2339039e-001
  1.8900000e+000  6.2551691e-002
  1.9000000e+000  7.2960139e-001
  1.9100000e+000  6.9480236e-002
  1.9200000e+000  2.8451781e-001
  1.9300000e+000  5.0963286e-001
  1.9400000e+000  1.6451684e-001
  1.9500000e+000  4.0133727e-001
  1.9600000e+000  5.5806541e-001
  1.9700000e+000  6.1238446e-001
  1.9800000e+000  4.8775615e-001
  1.9900000e+000  4.3044729e-001
  2.0000000e+000  4.2125980e-001
  2.0100000e+000 -1.5224522e-001
  2.0200000e+000  3.4416639e-001
  2.0300000e+000  1.5571629e-001
  2.0400000e+000  2.6142955e-001
  2.0500000e+000  3.6162706e-001
  2.0600000e+000  2.4754666e-001
  2.0700000e+000  5.3448723e-001
  2.0800000e+000  7.1416706e-001
  2.0900000e+000  6.3522549e-002
  2.1000000e+000  3.2614242e-001
  2.1100000e+000  3.4806205e-001
  2.1200000e+000  3.9940512e-001
  2.1300000e+000  1.3661200e-001
  2.1400000e+000  4.7741219e-001
  2.1500000e+000  2.9564677e-001
  2.1600000e+000  1.0914619e-001
  2.1700000e+000  5.1544302e-001
  2.1800000e+000  1.8782416e-001
  2.1900000e+000  5.2209758e-001
  2.2000000e+000  2.0181866e-001
  2.2100000e+000  5.8152957e-001
  2.2200000e+000  6.8874255e-001
  2.2300000e+000  6.9568679e-001
  2.2400000e+000  5.5903492e-001
  2.2500000e+000  7.7404783e-001
  2.2600000e+000  2.1988989e-001
  2.2700000e+000  3.1560134e-001
  2.2800000e+000  2.3619067e-001
  2.2900000e+000  3.4788721e-001
  2.3000000e+000  5.2413158e-001
  2.3100000e+000  6.6345724e-001
  2.3200000e+000  5.6578860e-001
  2.3300000e+000  5.1202381e-001
  2.3400000e+000  7.3208498e-001
  2.3500000e+000  9.4015492e-001
  2.3600000e+000  4.6198513e-001
  2.3700000e+000  4.1022490e-001
  2.3800000e+000  3.8587494e-001
  2.3900000e+000  5.7951822e-001
  2.4000000e+000  6.3208681e-001
  2.4100000e+000  2.6117846e-001
  2.4200000e+000  7.0504846e-001
  2.4300000e+000  5.9425201e-001
  2.4400000e+000  8.7615948e-001
  2.4500000e+000  4.3856916e-001
  2.4600000e+000  5.0852828e-001
  2.4700000e+000  3.6209415e-001
  2.4800000e+000  5.9140068e-001
  2.4900000e+000  4.0494027e-001
  2.5000000e+000  3.6972070e-001
  2.5100000e+000  4.3083104e-001
  2.5200000e+000  6.3663557e-001
  2.5300000e+000  1.9679324e-001
  2.5400000e+000  7.6201072e-001
  2.5500000e+000  7.8073389e-001
  2.5600000e+000  5.3369189e-001
  2.5700000e+000  2.8485630e-001
  2.5800000e+000  3.5195483e-001
  2.5900000e+000  5.5801785e-001
  2.6000000e+000  6.9045456e-001
  2.6100000e+000  5.2356303e-001
  2.6200000e+000  7.6448720e-001
  2.6300000e+000  5.4471831e-001
  2.6400000e+000  4.8246875e-001
  2.6500000e+000  5.0587540e-001
  2.6600000e+000  6.3864912e-001
  2.6700000e+000  8.4319302e-001
  2.6800000e+000  5.4354446e-001
  2.6900000e+000  2.7437180e-001
  2.7000000e+000  9.4926368e-001
  2.7100000e+000  9.3856606e-001
  2.7200000e+000  7.8155469e-001
  2.7300000e+000  1.6242778e-001
  2.7400000e+000  4.1174662e-001
  2.7500000e+000  8.8868591e-001
  2.7600000e+000  8.5461187e-001
  2.7700000e+000  3.6791099e-001
  2.7800000e+000  4.9936450e-001
  2.7900000e+000  9.2331307e-001
  2.8000000e+000  4.5652309e-001
  2.8100000e+000  2.4984906e-001
  2.8200000e+000  4.8339994e-001
  2.8300000e+000  7.4746364e-001
  2.8400000e+000  5.7607337e-001
  2.8500000e+000  6.5741496e-001
  2.8600000e+000  6.3124557e-001
  2.8700000e+000  3.5587450e-001
  2.8800000e+000  4.0804399e-001
  2.8900000e+000  8.5112776e-001
  2.9000000e+000  6.0338912e-001
  2.9100000e+000  6.8019672e-001
  2.9200000e+000  5.7181429e-001
  2.9300000e+000  5.7738797e-001
  2.9400000e+000  5.6096090e-001
  2.9500000e+000  8.0753225e-001
  2.9600000e+000  6.9870099e-001
  2.9700000e+000  9.7693129e-001
  2.9800000e+000  1.0749708e+000
  2.9900000e+000  3.7979968e-001
  3.0000000e+000  6.3875563e-001
  3.0100000e+000  9.0973415e-001
  3.0200000e+000  8.3961695e-001
  3.0300000e+000  1.0909774e+000
  3.0400000e+000  7.8138742e-001
  3.0500000e+000  1.0770201e+000
  3.0600000e+000  8.1435394e-001
  3.0700000e+000  1.0890603e+000
  3.0800000e+000  6.3656247e-001
  3.0900000e+000  7.0999025e-001
  3.1000000e+000  8.2666141e-001
  3.1100000e+000  7.1484805e-001
  3.1200000e+000  7.1584510e-001
  3.1300000e+000  1.0863927e+000
  3.1400000e+000  5.8014326e-001
  3.1500000e+000  1.2010610e+000
  3.1600000e+000  8.6087257e-001
  3.1700000e+000  7.1385636e-001
  3.1800000e+000  1.0399236e+000
  3.1900000e+000  1.0110614e+000
  3.2000000e+000  7.9668655e-001
  3.2100000e+000  6.9081588e-001
  3.2200000e+000  9.1712539e-001
  3.2300000e+000  8.7067024e-001
  3.2400000e+000  8.1463115e-001
  3.2500000e+000  6.4880657e-001
  3.2600000e+000  3.1853231e-001
  3.2700000e+000  1.0083789e+000
  3.2800000e+000  9.7618439e-001
  3.2900000e+000  7.0222440e-001
  3.3000000e+000  9.4038389e-001
  3.3100000e+000  7.2987089e-001
  3.3200000e+000  8.5795811e-001
  3.3300000e+000  1.1492841e+000
  3.3400000e+000  9.6177551e-001
  3.3500000e+000  8.5651022e-001
  3.3600000e+000  5.4982663e-001
  3.3700000e+000  1.3055123e+000
  3.3800000e+000  1.3489120e+000
  3.3900000e+000  4.1484034e-001
  3.4000000e+000  8.0424328e-001
  3.4100000e+000  1.1202262e+000
  3.4200000e+000  9.2654663e-001
  3.4300000e+000  9.3640175e-001
  3.4400000e+000  7.8494218e-001
  3.4500000e+000  8.0112883e-001
  3.4600000e+000  1.2196480e+000
  3.4700000e+000  9.5511600e-001
  3.4800000e+000  6.9547436e-001
  3.4900000e+000  1.2517844e+000
  3.5000000e+000  8.4446218e-001
  3.5100000e+000  8.2335348e-001
  3.5200000e+000  2.5996509e-001
  3.5300000e+000  1.1401361e+000
  3.5400000e+000  1.0449932e+000
  3.5500000e+000  8.6264713e-001
  3.5600000e+000  1.3211165e+000
  3.5700000e+000  1.0285165e+000
  3.5800000e+000  1.0601074e+000
  3.5900000e+000  6.2620706e-001
  3.6000000e+000  9.8416034e-001
  3.6100000e+000  7.9731089e-001
  3.6200000e+000  1.0482053e+000
  3.6300000e+000  6.6387016e-001
  3.6400000e+000  8.2027706e-001
  3.6500000e+000  1.2617567e+000
  3.6600000e+000  6.6396354e-001
  3.6700000e+000  8.4778532e-001
  3.6800000e+000  6.6820875e-001
  3.6900000e+000  9.5740671e-001
  3.7000000e+000  8.7273574e-001
  3.7100000e+000  9.1095063e-001
  3.7200000e+000  9.5586137e-001
  3.7300000e+000  7.6729872e-001
  3.7400000e+000  7.7529483e-001
  3.7500000e+000  7.7768214e-001
  3.7600000e+000  5.8540491e-001
  3.7700000e+000  8.3707765e-001
  3.7800000e+000  8.3085513e-001
  3.7900000e+000  8.2007396e-001
  3.8000000e+000  9.5301708e-001
  3.8100000e+000  7.7015530e-001
  3.8200000e+000  1.0133927e+000
  3.8300000e+000  1.0013419e+000
  3.8400000e+000  8.7672793e-001
  3.8500000e+000  9.9278789e-001
  3.8600000e+000  5.7916650e-001
  3.8700000e+000  8.5816239e-001
  3.8800000e+000  9.2283325e-001
  3.8900000e+000  6.3435865e-001
  3.9000000e+000  1.0274481e+000
  3.9100000e+000  7.0770795e-001
  3.9200000e+000  6.1094828e-001
  3.9300000e+000  1.0172184e+000
  3.9400000e+000  9.4231391e-001
  3.9500000e+000  4.5242271e-001
  3.9600000e+000  1.0813091e+000
  3.9700000e+000  1.0167414e+000
  3.9800000e+000  1.0510595e+000
  3.9900000e+000  7.5273886e-001
  4.0000000e+000  1.2337779e+000
  4.0100000e+000  1.1272853e+000
  4.0200000e+000  9.3519319e-001
  4.0300000e+000  1.2005203e+000
  4.0400000e+000  5.5904117e-001
  4.0500000e+000  9.2234293e-001
  4.0600000e+000  1.0337522e+000
  4.0700000e+000  5.5062862e-001
  4.0800000e+000  4.0657037e-001
  4.0900000e+000  9.9512896e-001
  4.1000000e+000  8.6332260e-001
  4.1100000e+000  9.6692037e-001
  4.1200000e+000  9.2922428e-001
  4.1300000e+000  1.0630052e+000
  4.1400000e+000  1.2571953e+000
  4.1500000e+000  1.2725874e+000
  4.1600000e+000  7.5117759e-001
  4.1700000e+000  7.5943251e-001
  4.1800000e+000  1.0351278e+000
  4.1900000e+000  6.8048337e-001
  4.2000000e+000  1.0226559e+000
  4.2100000e+000  1.0246062e+000
  4.2200000e+000  7.0277348e-001
  4.2300000e+000  8.5339599e-001
  4.2400000e+000  8.0675571e-001
  4.2500000e+000  1.1149769e+000
  4.2600000e+000  7.4732141e-001
  4.2700000e+000  5.2772499e-001
  4.2800000e+000  6.6170639e-001
  4.2900000e+000  1.4381109e+000
  4.3000000e+000  1.0389940e+000
  4.3100000e+000  5.1978080e-001
  4.3200000e+000  5.3094285e-001
  4.3300000e+000  9.2041910e-001
  4.3400000e+000  8.2702792e-001
  4.3500000e+000  9.9900957e-001
  4.3600000e+000  9.0006329e-001
  4.3700000e+000  7.7718684e-001
  4.3800000e+000  6.1478137e-001
  4.3900000e+000  8.5890604e-001
  4.4000000e+000  5.9677840e-001
  4.4100000e+000  1.0515068e+000
  4.4200000e+000  1.0126811e+000
  4.4300000e+000  8.4281823e-001
  4.4400000e+000  9.3177184e-001
  4.4500000e+000  1.4288097e+000
  4.4600000e+000  1.5329119e+000
  4.4700000e+000  1.0466065e+000
  4.4800000e+000  8.3050949e-001
  4.4900000e+000  8.8765041e-001
  4.5000000e+000  7.8303307e-001
  4.5100000e+000  8.0112834e-001
  4.5200000e+000  7.1752402e-001
  4.5300000e+000  5.6231661e-001
  4.5400000e+000  9.3307778e-001
  4.5500000e+000  8.5031355e-001
  4.5600000e+000  1.0462235e+000
  4.5700000e+000  9.5551106e-001
  4.5800000e+000  1.0884261e+000
  4.5900000e+000  1.1766408e+000
  4.6000000e+000  9.4765487e-001
  4.6100000e+000  9.7224000e-001
  4.6200000e+000  7.5285313e-001
  4.6300000e+000  7.3729422e-001
  4.6400000e+000  6.5883480e-001
  4.6500000e+000  7.6317234e-001
  4.6600000e+000  8.3111523e-001
  4.6700000e+000  7.7901668e-001
  4.6800000e+000  4.2618992e-001
  4.6900000e+000  9.5891483e-001
  4.7000000e+000  9.6555288e-001
  4.7100000e+000  9.6971630e-001
  4.7200000e+000  8.6571512e-001
  4.7300000e+000  7.6504027e-001
  4.7400000e+000  1.0089056e+000
  4.7500000e+000  9.1352415e-001
  4.7600000e+000  7.8312769e-001
  4.7700000e+000  8.7111188e-001
  4.7800000e+000  8.6825073e-001
  4.7900000e+000  6.3223091e-001
  4.8000000e+000  6.4045467e-001
  4.8100000e+000  9.0764081e-001
  4.8200000e+000  1.2460371e+000
  4.8300000e+000  8.1559564e-001
  4.8400000e+000  9.0650614e-001
  4.8500000e+000  1.0451737e+000
  4.8600000e+000  7.5545316e-001
  4.8700000e+000  1.3010730e+000
  4.8800000e+000  5.3536808e-001
  4.8900000e+000  1.0851012e+000
  4.9000000e+000  6.8192066e-001
  4.9100000e+000  2.8670046e-001
  4.9200000e+000  7.0589311e-001
  4.9300000e+000  6.0755230e-001
  4.9400000e+000  6.6945291e-001
  4.9500000e+000  1.0959803e+000
  4.9600000e+000  8.9912876e-001
  4.9700000e+000  7.5424137e-001
  4.9800000e+000  8.2875988e-001
  4.9900000e+000  8.3428199e-001
  5.0000000e+000  8.3926999e-001
  5.0100000e+000  6.5509958e-001
  5.0200000e+000  9.8064655e-001
  5.0300000e+000  1.1332215e+000
  5.0400000e+000  8.1633752e-001
  5.0500000e+000  6.1923956e-001
  5.0600000e+000  8.7713879e-001
  5.0700000e+000  7.4870084e-001
  5.0800000e+000  9.5460825e-001
  5.0900000e+000  8.9401437e-001
  5.1000000e+000  1.0984515e+000
  5.1100000e+000  8.8805730e-001
  5.1200000e+000  9.8225401e-001
  5.1300000e+000  9.0116674e-001
  5.1400000e+000  6.9972890e-001
  5.1500000e+000  1.0258755e+000
  5.1600000e+000  5.1098747e-001
  5.1700000e+000  9.3241577e-001
  5.1800000e+000  9.0101711e-001
  5.1900000e+000  6.1107665e-001
  5.2000000e+000  9.0472966e-001
  5.2100000e+000  6.5623038e-001
  5.2200000e+000  4.8757091e-001
  5.2300000e+000  6.4624613e-001
  5.2400000e+000  7.9889898e-001
  5.2500000e+000  6.6463079e-001
  5.2600000e+000  8.7376039e-001
  5.2700000e+000  1.1998244e+000
  5.2800000e+000  8.6049430e-001
  5.2900000e+000  6.6590397e-001
  5.3000000e+000  1.0691928e+000
  5.3100000e+000  8.3704160e-001
  5.3200000e+000  8.0060400e-001
  5.3300000e+000  8.5747483e-001
  5.3400000e+000  7.3200188e-001
  5.3500000e+000  8.3854154e-001
  5.3600000e+000  9.9825717e-001
  5.3700000e+000  9.5140186e-001
  5.3800000e+000  4.5513644e-001
  5.3900000e+000  7.1691317e-001
  5.4000000e+000  1.0370353e+000
  5.4100000e+000  6.2784588e-001
  5.4200000e+000  8.5434839e-001
  5.4300000e+000  7.3144434e-001
  5.4400000e+000  1.1451736e+000
  5.4500000e+000  6.9398898e-001
  5.4600000e+000  9.8298341e-001
  5.4700000e+000  7.8438201e-001
  5.4800000e+000  1.2280870e+000
  5.4900000e+000  1.1537074e+000
  5.5000000e+000  9.6430936e-001
  5.5100000e+000  1.1636432e+000
  5.5200000e+000  6.8649383e-001
  5.5300000e+000  6.7770964e-001
  5.5400000e+000  6.6881373e-001
  5.5500000e+000  9.4522169e-001
  5.5600000e+000  8.5541922e-001
  5.5700000e+000  1.0095100e+000
  5.5800000e+000  1.0979989e+000
  5.5900000e+000  9.3933031e-001
  5.6000000e+000  9.7314315e-001
  5.6100000e+000  8.2834215e-001
  5.6200000e+000  6.4855914e-001
  5.6300000e+000  6.8253104e-001
  5.6400000e+000  6.8649687e-001
  5.6500000e+000  1.0620588e+000
  5.6600000e+000  1.2225423e+000
  5.6700000e+000  8.4786273e-001
  5.6800000e+000  7.0401869e-001
  5.6900000e+000  8.7748507e-001
  5.7000000e+000  3.8460282e-001
  5.7100000e+000  9.8985172e-001
  5.7200000e+000  8.5534775e-001
  5.7300000e+000  6.3219192e-001
  5.7400000e+000  8.5547763e-001
  5.7500000e+000  8.7290417e-001
  5.7600000e+000  8.2769059e-001
  5.7700000e+000  9.4992884e-001
  5.7800000e+000  8.2841490e-001
  5.7900000e+000  1.0162018e+000
  5.8000000e+000  6.6520740e-001
  5.8100000e+000  8.3583041e-001
  5.8200000e+000  7.2646205e-001
  5.8300000e+000  7.8214340e-001
  5.8400000e+000  6.7337671e-001
  5.8500000e+000  1.1818512e+000
  5.8600000e+000  1.1087368e+000
  5.8700000e+000  8.9856576e-001
  5.8800000e+000  6.7131197e-001
  5.8900000e+000  7.5666904e-001
  5.9000000e+000  6.3436930e-001
  5.9100000e+000  9.1892145e-001
  5.9200000e+000  6.2611220e-001
  5.9300000e+000  8.1719838e-001
  5.9400000e+000  4.4370753e-001
  5.9500000e+000  6.8985951e-001
  5.9600000e+000  1.1105350e+000
  5.9700000e+000  7.1125889e-001
  5.9800000e+000  1.0526510e+000
  5.9900000e+000  7.2623437e-001
  6.0000000e+000  6.3363017e-001
  6.0100000e+000  1.0373201e+000
  6.0200000e+000  9.1027628e-001
  6.0300000e+000  1.0270184e+000
  6.0400000e+000  8.1399564e-001
  6.0500000e+000  1.0987451e+000
  6.0600000e+000  6.8602751e-001
  6.0700000e+000  9.1122739e-001
  6.0800000e+000  6.0062576e-001
  6.0900000e+000  7.3933068e-001
  6.1000000e+000  1.2031022e+000
  6.1100000e+000  7.0898991e-001
  6.1200000e+000  7.0098823e-001
  6.1300000e+000  7.8630931e-001
  6.1400000e+000  6.4143859e-001
  6.1500000e+000  5.1455673e-001
  6.1600000e+000  6.8004195e-001
  6.1700000e+000  6.8415925e-001
  6.1800000e+000  6.4594372e-001
  6.1900000e+000  8.3793653e-001
  6.2000000e+000  9.5727866e-001
  6.2100000e+000  8.8633809e-001
  6.2200000e+000  6.4348807e-001
  6.2300000e+000  7.9350589e-001
  6.2400000e+000  7.3199346e-001
  6.2500000e+000  7.5510683e-001
  6.2600000e+000  5.8329776e-001
  6.2700000e+000  7.1422613e-001
  6.2800000e+000  6.8298000e-001
  6.2900000e+000  6.6835361e-001
  6.3000000e+000  6.1803343e-001
  6.3100000e+000  1.0479868e+000
  6.3200000e+000  7.2303989e-001
  6.3300000e+000  5.5997094e-001
  6.3400000e+000  1.3806286e+000
  6.3500000e+000  6.0238227e-001
  6.3600000e+000  6.2308209e-001
  6.3700000e+000  7.2442075e-001
  6.3800000e+000  5.6747823e-001
  6.3900000e+000  8.5387504e-001
  6.4000000e+000  6.3670739e-001
  6.4100000e+000  8.8253789e-001
  6.4200000e+000  1.1310804e+000
  6.4300000e+000  4.4576518e-001
  6.4400000e+000  9.7982577e-001
  6.4500000e+000  6.4198879e-001
  6.4600000e+000  6.7213249e-001
  6.4700000e+000  8.3242698e-001
  6.4800000e+000  1.0519837e+000
  6.4900000e+000  6.5930582e-001
  6.5000000e+000  7.6743688e-001
  6.5100000e+000  7.7897921e-001
  6.5200000e+000  5.5679051e-001
  6.5300000e+000  8.9819285e-001
  6.5400000e+000  4.7095907e-001
  6.5500000e+000  8.5544312e-001
  6.5600000e+000  9.6911624e-001
  6.5700000e+000  9.6842130e-001
  6.5800000e+000  6.9027325e-001
  6.5900000e+000  1.0838747e+000
  6.6000000e+000  5.7280421e-001
  6.6100000e+000  5.2771457e-001
  6.6200000e+000  5.6688122e-001
  6.6300000e+000  9.6326557e-001
  6.6400000e+000  7.4111998e-001
  6.6500000e+000  2.6510103e-001
  6.6600000e+000  6.7863851e-001
  6.6700000e+000  8.6249081e-001
  6.6800000e+000  8.2767453e-001
  6.6900000e+000  1.0569906e+000
  6.7000000e+000  1.2312712e+000
  6.7100000e+000  9.1467076e-001
  6.7200000e+000  5.6440348e-001
  6.7300000e+000  7.4140031e-001
  6.7400000e+000  8.1524363e-001
  6.7500000e+000  1.0496482e+000
  6.7600000e+000  8.5146526e-001
  6.7700000e+000  6.6317914e-001
  6.7800000e+000  7.8792612e-001
  6.7900000e+000  5.1082839e-001
  6.8000000e+000  7.5473463e-001
  6.8100000e+000  5.0740658e-001
  6.8200000e+000  7.5645004e-001
  6.8300000e+000  1.0322526e+000
  6.8400000e+000  5.7900948e-001
  6.8500000e+000  6.4800437e-001
  6.8600000e+000  8.9424906e-001
  6.8700000e+000  5.5067521e-001
  6.8800000e+000  8.7897652e-001
  6.8900000e+000  4.0851815e-001
  6.9000000e+000  4.5221263e-001
  6.9100000e+000  7.8227725e-001
  6.9200000e+000  8.1205393e-001
  6.9300000e+000  8.6774433e-001
  6.9400000e+000  8.8038817e-001
  6.9500000e+000  1.1618402e+000
  6.9600000e+000  1.0107211e+000
  6.9700000e+000  6.8969593e-001
  6.9800000e+000  9.2935213e-001
  6.9900000e+000  3.2550351e-001
  7.0000000e+000  6.7038165e-001
  7.0100000e+000  8.2560674e-001
  7.0200000e+000  9.8058304e-001
  7.0300000e+000  6.3973917e-001
  7.0400000e+000  7.0817830e-001
  7.0500000e+000  6.9241345e-001
  7.0600000e+000  5.9097672e-001
  7.0700000e+000  4.5112843e-001
  7.0800000e+000  5.2428770e-001
  7.0900000e+000  1.1624315e+000
  7.1000000e+000  7.6464231e-001
  7.1100000e+000  8.3405249e-001
  7.1200000e+000  7.9911269e-001
  7.1300000e+000  7.5116140e-001
  7.1400000e+000  5.3312330e-001
  7.1500000e+000  7.5048182e-001
  7.1600000e+000  6.8632985e-001
  7.1700000e+000  8.1560956e-001
  7.1800000e+000  5.0031759e-001
  7.1900000e+000  9.0794500e-001
  7.2000000e+000  7.6589398e-001
  7.2100000e+000  5.1799246e-001
  7.2200000e+000  6.5845240e-001
  7.2300000e+000  5.1216614e-001
  7.2400000e+000  5.2824616e-001
  7.2500000e+000  7.5750704e-001
  7.2600000e+000  5.6424808e-001
  7.2700000e+000  7.1846634e-001
  7.2800000e+000  7.9146062e-001
  7.2900000e+000  8.6109938e-001
  7.3000000e+000  7.9463446e-001
  7.3100000e+000  6.4768212e-001
  7.3200000e+000  7.2987943e-001
  7.3300000e+000  9.8623923e-001
  7.3400000e+000  7.0495561e-001
  7.3500000e+000  4.3765231e-001
  7.3600000e+000  1.0281386e+000
  7.3700000e+000  1.0102512e+000
  7.3800000e+000  5.6248516e-001
  7.3900000e+000  9.2696166e-001
  7.4000000e+000  7.1675601e-001
  7.4100000e+000  8.8613812e-001
  7.4200000e+000  8.7808627e-001
  7.4300000e+000  3.9111477e-001
  7.4400000e+000  7.9766055e-001
  7.4500000e+000  5.2899302e-001
  7.4600000e+000  7.6845839e-001
  7.4700000e+000  6.0250248e-001
  7.4800000e+000  2.7896187e-001
  7.4900000e+000  1.0909056e+000
  7.5000000e+000  5.1124347e-001
  7.5100000e+000  8.9624066e-001
  7.5200000e+000  9.3899226e-001
  7.5300000e+000  8.7206407e-001
  7.5400000e+000  6.7186444e-001
  7.5500000e+000  3.6995690e-001
  7.5600000e+000  7.1541581e-001
  7.5700000e+000  6.4411957e-001
  7.5800000e+000  8.7410091e-001
  7.5900000e+000  5.3000564e-001
  7.6000000e+000  7.6590408e-001
  7.6100000e+000  9.4009661e-001
  7.6200000e+000  5.2565202e-001
  7.6300000e+000  1.0556327e+000
  7.6400000e+000  6.1451786e-001
  7.6500000e+000  1.0670827e+000
  7.6600000e+000  9.3512542e-001
  7.6700000e+000  9.0803248e-001
  7.6800000e+000  1.2301541e+000
  7.6900000e+000  6.5162752e-001
  7.7000000e+000  9.7806746e-001
  7.7100000e+000  3.3770163e-001
  7.7200000e+000  2.9195783e-001
  7.7300000e+000  6.5693006e-001
  7.7400000e+000  5.6388002e-001
  7.7500000e+000  5.7034723e-001
  7.7600000e+000  5.4030183e-001
  7.7700000e+000  9.4120166e-001
  7.7800000e+000  4.4400925e-001
  7.7900000e+000  4.1317425e-001
  7.8000000e+000  3.5039661e-001
  7.8100000e+000  1.0216581e+000
  7.8200000e+000  5.0609495e-001
  7.8300000e+000  7.8607260e-001
  7.8400000e+000  9.0869484e-001
  7.8500000e+000  5.1745424e-001
  7.8600000e+000  9.2963753e-001
  7.8700000e+000  6.7241214e-001
  7.8800000e+000  5.9981965e-001
  7.8900000e+000  3.2348337e-001
  7.9000000e+000  8.7105696e-001
  7.9100000e+000  9.0810895e-001
  7.9200000e+000  8.7342013e-001
  7.9300000e+000  7.0488330e-001
  7.9400000e+000  8.4644778e-001
  7.9500000e+000  1.2627857e+000
  7.9600000e+000  5.9334118e-001
  7.9700000e+000  7.4100715e-001
  7.9800000e+000  5.9457354e-001
  7.9900000e+000  6.7784590e-001
  8.0000000e+000  6.4528471e-001
  8.0100000e+000  7.6233640e-001
  8.0200000e+000  3.7748773e-001
  8.0300000e+000  7.3725292e-001
  8.0400000e+000  4.0190099e-001
  8.0500000e+000  8.9957110e-001
  8.0600000e+000  4.5647061e-001
  8.0700000e+000  5.4480851e-001
  8.0800000e+000  8.2331403e-001
  8.0900000e+000  7.8922629e-001
  8.1000000e+000  9.0801569e-001
  8.1100000e+000  5.8700879e-001
  8.1200000e+000  8.8700288e-001
  8.1300000e+000  5.8258648e-001
  8.1400000e+000  5.0673657e-001
  8.1500000e+000  6.6833268e-001
  8.1600000e+000  7.0340819e-001
  8.1700000e+000  7.4413683e-001
  8.1800000e+000  8.5014799e-001
  8.1900000e+000  5.8307476e-001
  8.2000000e+000  7.9283927e-001
  8.2100000e+000  8.3102342e-001
  8.2200000e+000  4.5269495e-001
  8.2300000e+000  5.8133791e-001
  8.2400000e+000  6.8961108e-001
  8.2500000e+000  2.9138316e-001
  8.2600000e+000  3.7523798e-001
  8.2700000e+000  5.6612254e-001
  8.2800000e+000  7.6584381e-001
  8.2900000e+000  7.4829117e-001
  8.3000000e+000  6.2091882e-001
  8.3100000e+000  7.0572315e-001
  8.3200000e+000  4.9558742e-001
  8.3300000e+000  7.7060987e-001
  8.3400000e+000  8.9537978e-001
  8.3500000e+000  8.5291642e-001
  8.3600000e+000  1.0051428e+000
  8.3700000e+000  9.7716452e-001
  8.3800000e+000  5.7801212e-001
  8.3900000e+000  6.4566101e-001
  8.4000000e+000  1.0615629e+000
  8.4100000e+000  7.7282766e-001
  8.4200000e+000  8.7467045e-001
  8.4300000e+000  8.6145830e-001
  8.4400000e+000  8.0197074e-001
  8.4500000e+000  7.0159759e-001
  8.4600000e+000  7.5174974e-001
  8.4700000e+000  7.4010395e-001
  8.4800000e+000  8.3155036e-001
  8.4900000e+000  6.6025611e-001
  8.5000000e+000  1.0291045e+000
  8.5100000e+000  1.1113382e+000
  8.5200000e+000  6.9182354e-001
  8.5300000e+000  6.2442685e-001
  8.5400000e+000  9.5037249e-001
  8.5500000e+000  5.5349971e-001
  8.5600000e+000  4.2546488e-001
  8.5700000e+000  1.0180173e+000
  8.5800000e+000  8.9092582e-001
  8.5900000e+000  4.9380056e-001
  8.6000000e+000  6.5630857e-001
  8.6100000e+000  9.1800082e-001
  8.6200000e+000  5.8376413e-001
  8.6300000e+000  9.9035390e-001
  8.6400000e+000  7.7398163e-001
  8.6500000e+000  1.1369319e+000
  8.6600000e+000  5.7479713e-001
  8.6700000e+000  7.4813328e-001
  8.6800000e+000  6.9195199e-001
  8.6900000e+000  8.0979466e-001
  8.7000000e+000  1.1160004e+000
  8.7100000e+000  8.3324831e-001
  8.7200000e+000  6.6829937e-001
  8.7300000e+000  5.4261777e-001
  8.7400000e+000  5.0211846e-001
  8.7500000e+000  3.2104896e-001
  8.7600000e+000  6.4802627e-001
  8.7700000e+000  4.1691927e-001
  8.7800000e+000  1.0344715e+000
  8.7900000e+000  6.9555421e-001
  8.8000000e+000  6.7347361e-001
  8.8100000e+000  3.9018489e-001
  8.8200000e+000  8.9939418e-001
  8.8300000e+000  4.6579705e-001
  8.8400000e+000  4.2584247e-001
  8.8500000e+000  1.2104497e+000
  8.8600000e+000  7.3545169e-001
  8.8700000e+000  7.8781407e-001
  8.8800000e+000  5.0897924e-001
  8.8900000e+000  1.0815933e+000
  8.9000000e+000  9.3210770e-001
  8.9100000e+000  2.6986713e-001
  8.9200000e+000  7.5495085e-001
  8.9300000e+000  8.8321703e-001
  8.9400000e+000  5.0238014e-001
  8.9500000e+000  9.7166241e-001
  8.9600000e+000  7.6351442e-001
  8.9700000e+000  7.6260009e-001
  8.9800000e+000  7.2822551e-001
  8.9900000e+000  6.2338112e-001
  9.0000000e+000  5.3705310e-001
  9.0100000e+000  6.9843691e-001
  9.0200000e+000  7.5788398e-001
  9.0300000e+000  3.8814699e-001
  9.0400000e+000  8.9449880e-001
  9.0500000e+000  7.8784756e-001
  9.0600000e+000  4.5791784e-001
  9.0700000e+000  5.7475220e-001
  9.0800000e+000  1.0263046e+000
  9.0900000e+000  8.8436987e-001
  9.1000000e+000  5.7299053e-001
  9.1100000e+000  6.2761426e-001
  9.1200000e+000  6.3811434e-001
  9.1300000e+000  4.7090998e-001
  9.1400000e+000  8.1989796e-001
  9.1500000e+000  5.4888059e-001
  9.1600000e+000  7.0369902e-001
  9.1700000e+000  7.7681839e-001
  9.1800000e+000  7.7933091e-001
  9.1900000e+000  5.8683016e-001
  9.2000000e+000  1.0886124e+000
  9.2100000e+000  1.0016942e+000
  9.2200000e+000  8.0575330e-001
  9.2300000e+000  9.5082707e-001
  9.2400000e+000  8.8945130e-001
  9.2500000e+000  4.2098722e-001
  9.2600000e+000  4.9110814e-001
  9.2700000e+000  7.6216969e-001
  9.2800000e+000  5.5563222e-001
  9.2900000e+000  5.4751689e-001
  9.3000000e+000  7.7225082e-001
  9.3100000e+000  6.6415077e-001
  9.3200000e+000  8.9936129e-001
  9.3300000e+000  6.6158016e-001
  9.3400000e+000  6.5580978e-001
  9.3500000e+000  6.4011123e-001
  9.3600000e+000  8.1271341e-001
  9.3700000e+000  7.5319784e-001
  9.3800000e+000  9.5103398e-001
  9.3900000e+000  8.2838565e-001
  9.4000000e+000  7.1025721e-001
  9.4100000e+000  9.4302756e-001
  9.4200000e+000  7.3342514e-001
  9.4300000e+000  9.4100846e-001
  9.4400000e+000  1.1200695e+000
  9.4500000e+000  6.5685749e-001
  9.4600000e+000  4.1045101e-001
  9.4700000e+000  8.3183534e-001
  9.4800000e+000  8.4547328e-001
  9.4900000e+000  1.1261851e+000
  9.5000000e+000  7.6523900e-001
  9.5100000e+000  9.4280123e-001
  9.5200000e+000  5.5575543e-001
  9.5300000e+000  7.5057516e-001
  9.5400000e+000  5.6792145e-001
  9.5500000e+000  5.5791974e-001
  9.5600000e+000  8.3111459e-001
  9.5700000e+000  5.5546396e-001
  9.5800000e+000  9.9176065e-001
  9.5900000e+000  6.9846896e-001
  9.6000000e+000  7.5558355e-001
  9.6100000e+000  6.5314644e-001
  9.6200000e+000  8.6075083e-001
  9.6300000e+000  6.6895881e-001
  9.6400000e+000  6.8560337e-001
  9.6500000e+000  7.9298031e-001
  9.6600000e+000  8.6347893e-001
  9.6700000e+000  8.8442089e-001
  9.6800000e+000  8.8336099e-001
  9.6900000e+000  6.6290478e-001
  9.7000000e+000  7.0139973e-001
  9.7100000e+000  4.3203385e-001
  9.7200000e+000  5.5993930e-001
  9.7300000e+000  6.0769596e-001
  9.7400000e+000  7.3660626e-001
  9.7500000e+000  5.7838350e-001
  9.7600000e+000  1.2669730e+000
  9.7700000e+000  7.6876825e-001
  9.7800000e+000  8.3574567e-001
  9.7900000e+000  6.7043718e-001
  9.8000000e+000  6.9409841e-001
  9.8100000e+000  4.3479493e-001
  9.8200000e+000  6.9102692e-001
  9.8300000e+000  7.5158650e-001
  9.8400000e+000  8.2020275e-001
  9.8500000e+000  7.9106834e-001
  9.8600000e+000  5.7538944e-001
  9.8700000e+000  6.3678058e-001
  9.8800000e+000  1.0216001e+000
  9.8900000e+000  1.0286762e+000
  9.9000000e+000  9.9843888e-001
  9.9100000e+000  5.5071617e-001
  9.9200000e+000  9.2969933e-001
  9.9300000e+000  8.4502390e-001
  9.9400000e+000  4.6016306e-001
  9.9500000e+000  8.6311594e-001
  9.9600000e+000  9.0957230e-001
  9.9700000e+000  8.6592058e-001
  9.9800000e+000  8.1944243e-001
  9.9900000e+000  7.9562905e-001
  1.0000000e+001  8.0640543e-001
  1.0010000e+001  4.3482978e-001
  1.0020000e+001  9.2746050e-001
  1.0030000e+001  5.6744452e-001
  1.0040000e+001  1.1756102e+000
  1.0050000e+001  1.0931340e+000
  1.0060000e+001  9.1341196e-001
  1.0070000e+001  8.5182688e-001
  1.0080000e+001  7.4106313e-001
  1.0090000e+001  9.3153397e-001
  1.0100000e+001  6.7843496e-001
  1.0110000e+001  4.1072039e-001
  1.0120000e+001  4.4845126e-001
  1.0130000e+001  8.9933631e-001
  1.0140000e+001  6.3406798e-001
  1.0150000e+001  6.9446639e-001
  1.0160000e+001  5.7121926e-001
  1.0170000e+001  1.1022086e+000
  1.0180000e+001  5.7088490e-001
  1.0190000e+001  3.9461086e-001
  1.0200000e+001  7.3785870e-001
  1.0210000e+001  7.8743242e-001
  1.0220000e+001  6.5801863e-001
  1.0230000e+001  6.5608900e-001
  1.0240000e+001  1.0575813e+000
  1.0250000e+001  7.8625743e-001
  1.0260000e+001  7.6695216e-001
  1.0270000e+001  7.1364088e-001
  1.0280000e+001  5.7306109e-001
  1.0290000e+001  7.0486449e-001
  1.0300000e+001  7.6002850e-001
  1.0310000e+001  5.0830123e-001
  1.0320000e+001  1.0512266e+000
  1.0330000e+001  8.4848677e-001
  1.0340000e+001  5.4462291e-001
  1.0350000e+001  8.1873398e-001
  1.0360000e+001  6.9498636e-001
  1.0370000e+001  7.5153914e-001
  1.0380000e+001  5.7852666e-001
  1.0390000e+001  7.5390026e-001
  1.0400000e+001  7.3037209e-001
  1.0410000e+001  6.7158089e-001
  1.0420000e+001  6.2498788e-001
  1.0430000e+001  4.7549655e-001
  1.0440000e+001  5.4547565e-001
  1.0450000e+001  5.8910557e-001
  1.0460000e+001  9.3335724e-001
  1.0470000e+001  8.8359418e-001
  1.0480000e+001  8.1231822e-001
  1.0490000e+001  4.9170958e-001
  1.0500000e+001  6.6444401e-001
  1.0510000e+001  8.8629954e-001
  1.0520000e+001  6.2800224e-001
  1.0530000e+001  9.8182480e-001
  1.0540000e+001  7.7873452e-001
  1.0550000e+001  5.3903275e-001
  1.0560000e+001  6.6759619e-001
  1.0570000e+001  4.9035095e-001
  1.0580000e+001  9.8957248e-001
  1.0590000e+001  9.8775021e-001
  1.0600000e+001  5.4477710e-001
  1.0610000e+001  9.2867525e-001
  1.0620000e+001  5.5160183e-001
  1.0630000e+001  9.4846362e-001
  1.0640000e+001  7.7089287e-001
  1.0650000e+001  8.9382924e-001
  1.0660000e+001  6.5329608e-001
  1.0670000e+001  3.6097402e-001
  1.0680000e+001  8.8368415e-001
  1.0690000e+001  7.7545802e-001
  1.0700000e+001  8.0945484e-001
  1.0710000e+001  8.3573961e-001
  1.0720000e+001  5.5948961e-001
  1.0730000e+001  7.5630470e-001
  1.0740000e+001  8.8383439e-001
  1.0750000e+001  6.8488399e-001
  1.0760000e+001  2.5758226e-001
  1.0770000e+001  9.9099646e-001
  1.0780000e+001  7.6499468e-001
  1.0790000e+001  6.5687572e-001
  1.0800000e+001  6.8419911e-001
  1.0810000e+001  8.3744538e-001
  1.0820000e+001  5.6997424e-001
  1.0830000e+001  9.3833999e-001
  1.0840000e+001  1.0720376e+000
  1.0850000e+001  8.9410535e-001
  1.0860000e+001  1.1062366e+000
  1.0870000e+001  9.3138062e-001
  1.0880000e+001  5.3792226e-001
  1.0890000e+001  5.3456216e-001
  1.0900000e+001  9.6197705e-001
  1.0910000e+001  7.7556815e-001
  1.0920000e+001  1.0874449e+000
  1.0930000e+001  7.6670697e-001
  1.0940000e+001  1.0210129e+000
  1.0950000e+001  9.2318972e-001
  1.0960000e+001  5.6560104e-001
  1.0970000e+001  4.1956249e-001
  1.0980000e+001  7.8615981e-001
  1.0990000e+001  1.0273507e+000
  1.1000000e+001  4.7750498e-001
  1.1010000e+001  6.9195141e-001
  1.1020000e+001  6.8368717e-001
  1.1030000e+001  1.0757650e+000
  1.1040000e+001  9.3769825e-001
  1.1050000e+001  1.0399055e+000
  1.1060000e+001  6.9998136e-001
  1.1070000e+001  1.1441398e+000
  1.1080000e+001  6.3121088e-001
  1.1090000e+001  8.0833597e-001
  1.1100000e+001  7.2861127e-001
  1.1110000e+001  6.5505901e-001
  1.1120000e+001  1.0224130e+000
  1.1130000e+001  7.7484212e-001
  1.1140000e+001  1.0232828e+000
  1.1150000e+001  1.0077141e+000
  1.1160000e+001  6.1880490e-001
  1.1170000e+001  4.8825707e-001
  1.1180000e+001  5.9786216e-001
  1.1190000e+001  7.0399515e-001
  1.1200000e+001  7.2954831e-001
  1.1210000e+001  7.5885624e-001
  1.1220000e+001  4.2470985e-001
  1.1230000e+001  7.2476497e-001
  1.1240000e+001  8.1194411e-001
  1.1250000e+001  9.6628782e-001
  1.1260000e+001  9.3988582e-001
  1.1270000e+001  9.3931852e-001
  1.1280000e+001  8.4967228e-001
  1.1290000e+001  7.0619360e-001
  1.1300000e+001  5.8782003e-001
  1.1310000e+001  8.3107089e-001
  1.1320000e+001  8.0324686e-001
  1.1330000e+001  9.4937886e-001
  1.1340000e+001  5.4922559e-001
  1.1350000e+001  1.0404758e+000
  1.1360000e+001  4.7939512e-001
  1.1370000e+001  4.2783367e-001
  1.1380000e+001  8.7781265e-001
  1.1390000e+001  1.0760481e+000
  1.1400000e+001  6.8971924e-001
  1.1410000e+001  8.7080401e-001
  1.1420000e+001  7.3781319e-001
  1.1430000e+001  4.1938676e-001
  1.1440000e+001  8.6999875e-001
  1.1450000e+001  8.9109778e-001
  1.1460000e+001  6.2112389e-001
  1.1470000e+001  9.3875123e-001
  1.1480000e+001  7.3407906e-001
  1.1490000e+001  1.0918508e+000
  1.1500000e+001  8.2028977e-001
  1.1510000e+001  7.6846373e-001
  1.1520000e+001  8.7739547e-001
  1.1530000e+001  5.1932592e-001
  1.1540000e+001  8.6243956e-001
  1.1550000e+001  1.0319496e+000
  1.1560000e+001  8.5778520e-001
  1.1570000e+001  1.0727162e+000
  1.1580000e+001  7.5865133e-001
  1.1590000e+001  9.7317463e-001
  1.1600000e+001  1.1876646e+000
  1.1610000e+001  6.8936682e-001
  1.1620000e+001  4.2190946e-001
  1.1630000e+001  1.3000961e+000
  1.1640000e+001  8.7210750e-001
  1.1650000e+001  8.1644376e-001
  1.1660000e+001  6.8787332e-001
  1.1670000e+001  7.2490426e-001
  1.1680000e+001  6.9218832e-001
  1.1690000e+001  9.8497903e-001
  1.1700000e+001  6.7302635e-001
  1.1710000e+001  1.2313460e+000
  1.1720000e+001  4.5396923e-001
  1.1730000e+001  6.0528309e-001
  1.1740000e+001  7.7358044e-001
  1.1750000e+001  1.1216137e+000
  1.1760000e+001  1.0840855e+000
  1.1770000e+001  1.1878803e+000
  1.1780000e+001  6.6517999e-001
  1.1790000e+001  7.8717395e-001
  1.1800000e+001  9.8962577e-001
  1.1810000e+001  7.7228256e-001
  1.1820000e+001  7.8629213e-001
  1.1830000e+001  5.0463845e-001
  1.1840000e+001  8.0972433e-001
  1.1850000e+001  7.8444741e-001
  1.1860000e+001  8.4911774e-001
  1.1870000e+001  7.7246313e-001
  1.1880000e+001  7.0299623e-001
  1.1890000e+001  7.7769922e-001
  1.1900000e+001  8.9536529e-001
  1.1910000e+001  6.7805648e-001
  1.1920000e+001  5.0806808e-001
  1.1930000e+001  1.0512819e+000
  1.1940000e+001  6.5208479e-001
  1.1950000e+001  7.9749820e-001
  1.1960000e+001  8.6485177e-001
  1.1970000e+001  8.7294812e-001
  1.1980000e+001  5.2157960e-001
  1.1990000e+001  3.5950504e-001
  1.2000000e+001  6.5696482e-001
  1.2010000e+001  6.3873756e-001
  1.2020000e+001  9.5247670e-001
  1.2030000e+001  7.3921955e-001
  1.2040000e+001  8.9191711e-001
  1.2050000e+001  6.3282124e-001
  1.2060000e+001  6.5832354e-001
  1.2070000e+001  7.4584357e-001
  1.2080000e+001  4.3107945e-001
  1.2090000e+001  8.7930033e-001
  1.2100000e+001  5.9290519e-001
  1.2110000e+001  6.4986221e-001
  1.2120000e+001  5.4541706e-001
  1.2130000e+001  1.0211547e+000
  1.2140000e+001  8.3601254e-001
  1.2150000e+001  6.7826217e-001
  1.2160000e+001  3.7291112e-001
  1.2170000e+001  1.0058392e+000
  1.2180000e+001  7.9989801e-001
  1.2190000e+001  4.6445785e-001
  1.2200000e+001  4.0018307e-001
  1.2210000e+001  6.4036725e-001
  1.2220000e+001  6.8364609e-001
  1.2230000e+001  5.0977803e-001
  1.2240000e+001  8.8641329e-001
  1.2250000e+001  8.3639686e-001
  1.2260000e+001  4.4485885e-001
  1.2270000e+001  7.4121227e-001
  1.2280000e+001  7.3805514e-001
  1.2290000e+001  7.9476082e-001
  1.2300000e+001  6.4778534e-001
  1.2310000e+001  7.8678418e-001
  1.2320000e+001  9.5173580e-001
  1.2330000e+001  5.5995165e-001
  1.2340000e+001  1.1885668e+000
  1.2350000e+001  7.1890392e-001
  1.2360000e+001  6.6685644e-001
  1.2370000e+001  1.0084794e+000
  1.2380000e+001  6.4820367e-001
  1.2390000e+001  9.0714790e-001
  1.2400000e+001  4.3533056e-001
  1.2410000e+001  7.4978372e-001
  1.2420000e+001  7.5368835e-001
  1.2430000e+001  4.3065382e-001
  1.2440000e+001  1.2521467e+000
  1.2450000e+001  9.9808353e-001
  1.2460000e+001  4.8195366e-001
  1.2470000e+001  5.4613361e-001
  1.2480000e+001  6.4842133e-001
  1.2490000e+001  8.3959949e-001
  1.2500000e+001  6.9975135e-001
